1000 999
1 2 88673
1 3 90138
1 6 62843
1 8 73250
1 10 71307
1 11 5984
1 13 86813
1 14 15320
1 16 6189
1 22 31367
1 23 85350
1 31 82036
1 33 53342
1 34 34471
1 38 90703
1 40 96891
1 42 74250
1 47 72629
1 55 93042
1 56 68373
1 57 95401
1 59 54432
1 62 3151
1 63 58376
1 65 48977
1 67 19904
1 68 98827
1 69 49974
1 71 4271
1 73 16331
1 76 89371
1 77 76435
1 78 11681
1 79 65394
1 80 8703
1 83 19009
1 84 32407
1 85 65955
1 86 3155
1 87 61193
1 88 86948
1 89 73750
1 95 94781
1 97 3346
1 100 28290
1 102 66611
1 104 18192
1 108 29221
1 109 14564
1 113 69343
1 115 74753
1 117 69534
1 121 74068
1 122 50947
1 123 11605
1 125 601
1 127 43019
1 130 83286
1 131 87292
1 132 67452
1 135 38623
1 138 14548
1 140 3779
1 141 41987
1 142 191
1 146 6657
1 148 49675
1 150 38266
1 151 24994
1 153 92445
1 154 58672
1 156 3686
1 159 1611
1 160 38364
1 168 12823
1 169 80377
1 170 8250
1 173 82474
1 174 16853
1 175 93377
1 176 30540
1 177 95561
1 178 44296
1 179 39879
1 184 58129
1 186 75975
1 189 16819
1 190 20974
1 192 33065
1 193 8003
1 195 17731
1 196 11285
1 197 37352
1 200 5783
1 201 52358
1 203 37329
1 212 80666
1 213 80567
1 214 46125
1 215 96350
1 216 6300
1 219 8196
1 221 92045
1 236 95490
1 237 36537
1 240 38272
1 241 64109
1 242 7534
1 243 960
1 244 22304
1 245 86840
1 246 53758
1 247 6008
1 249 16102
1 252 35476
1 257 44333
1 259 2142
1 261 66251
1 262 51049
1 263 73425
1 267 17103
1 268 57138
1 269 21082
1 271 48527
1 274 19004
1 276 2160
1 279 17220
1 280 57884
1 282 13998
1 283 57966
1 284 39832
1 285 86554
1 287 39444
1 288 6628
1 295 2450
1 296 1202
1 298 37332
1 302 76570
1 306 23853
1 307 4505
1 308 31958
1 311 94650
1 312 63220
1 313 52128
1 314 15376
1 315 65468
1 318 69522
1 319 18274
1 321 24356
1 322 21198
1 323 15686
1 325 92925
1 326 95044
1 327 870
1 328 85047
1 331 85062
1 333 437
1 334 93103
1 335 13416
1 336 73569
1 338 58925
1 339 54863
1 340 8454
1 341 69239
1 342 286
1 347 89276
1 349 93597
1 353 76936
1 354 90150
1 360 13476
1 361 87752
1 364 36268
1 367 16935
1 369 96503
1 370 6621
1 371 47292
1 374 56728
1 375 63471
1 377 26669
1 379 52401
1 383 90114
1 389 58352
1 391 54854
1 393 42793
1 394 74696
1 396 47775
1 397 34012
1 408 98002
1 410 39418
1 411 26716
1 413 18759
1 414 9778
1 415 95415
1 416 8469
1 421 67245
1 423 27505
1 426 88188
1 428 14657
1 429 31348
1 431 73809
1 432 73064
1 434 25686
1 435 63105
1 436 83137
1 438 87605
1 440 42437
1 443 38915
1 445 41532
1 446 22529
1 449 53213
1 453 90413
1 456 15663
1 461 2756
1 463 61544
1 465 52195
1 467 69551
1 469 92079
1 471 50484
1 473 67833
1 474 50751
1 476 6257
1 477 8528
1 479 23679
1 482 98453
1 483 4329
1 491 50855
1 492 87241
1 494 44520
1 497 60119
1 499 99868
1 500 59096
1 502 6848
1 505 46369
1 507 9281
1 508 76504
1 510 46055
1 511 98115
1 512 95954
1 517 52094
1 519 86323
1 520 70625
1 521 3532
1 524 66753
1 525 44468
1 526 72481
1 531 11391
1 533 40472
1 534 97430
1 535 78391
1 536 92433
1 537 76552
1 538 49511
1 541 74098
1 544 27441
1 545 16665
1 546 26293
1 548 91629
1 549 29566
1 551 11191
1 552 16249
1 556 71542
1 558 6133
1 560 11349
1 561 61296
1 563 49845
1 564 68676
1 567 85978
1 569 22345
1 570 5966
1 571 10552
1 573 35524
1 576 16456
1 581 50289
1 582 73431
1 583 8316
1 587 45545
1 588 92113
1 592 80870
1 593 92550
1 594 13815
1 596 90785
1 597 24398
1 599 63338
1 601 29978
1 603 68655
1 604 53807
1 606 76294
1 607 32891
1 608 84046
1 610 66044
1 611 12457
1 616 33408
1 619 51658
1 620 24813
1 622 67737
1 624 35328
1 628 52328
1 633 18768
1 634 47576
1 635 75410
1 636 80377
1 640 48001
1 641 29955
1 644 56901
1 646 92228
1 648 72136
1 649 36413
1 650 34222
1 652 69341
1 655 1616
1 656 23465
1 657 37806
1 658 1764
1 660 73194
1 661 586
1 662 73999
1 663 89212
1 664 49713
1 665 42195
1 666 65509
1 669 67744
1 670 69070
1 671 88718
1 677 89222
1 678 67923
1 681 17580
1 682 43214
1 685 41129
1 686 76222
1 687 42208
1 689 58289
1 690 78285
1 691 30923
1 692 46046
1 694 71847
1 696 77420
1 698 94415
1 701 13779
1 702 3411
1 709 495
1 710 49537
1 711 86371
1 712 70340
1 713 39292
1 714 28208
1 715 11371
1 719 99323
1 721 27669
1 725 86978
1 727 32644
1 730 72977
1 735 61774
1 736 70473
1 743 87972
1 744 61633
1 745 30992
1 746 79422
1 749 49702
1 750 52633
1 758 79432
1 759 15954
1 761 14149
1 766 52426
1 769 95686
1 770 99244
1 771 14911
1 772 93317
1 774 74295
1 776 27827
1 779 39297
1 780 5614
1 782 19762
1 784 53690
1 787 39136
1 791 21480
1 793 86777
1 796 13316
1 798 57494
1 799 1476
1 800 23678
1 803 59724
1 804 49168
1 809 43622
1 811 94794
1 812 8752
1 813 17640
1 814 79519
1 815 87834
1 816 24466
1 820 13832
1 821 47656
1 822 97613
1 823 39125
1 825 98046
1 829 7739
1 833 30179
1 834 87335
1 837 18882
1 838 10318
1 839 26919
1 841 75794
1 845 21466
1 852 58022
1 854 17688
1 855 35254
1 858 55895
1 859 96535
1 860 30274
1 862 77216
1 863 76678
1 864 80178
1 865 22847
1 867 1110
1 869 67744
1 870 6173
1 872 11248
1 873 75900
1 874 38444
1 875 7803
1 876 40643
1 877 68304
1 878 2784
1 880 16973
1 881 69001
1 882 12299
1 883 31497
1 884 9309
1 887 54504
1 890 39821
1 891 65201
1 892 17416
1 893 10476
1 895 31165
1 896 30150
1 897 81947
1 899 27810
1 901 40109
1 902 28622
1 903 13844
1 904 77781
1 905 1182
1 907 90483
1 911 39154
1 912 92026
1 915 80018
1 916 89842
1 917 7344
1 919 3681
1 920 46234
1 921 31915
1 923 62241
1 926 34802
1 927 70256
1 928 61108
1 929 78876
1 930 32915
1 932 82773
1 933 80241
1 937 90100
1 938 90156
1 941 25308
1 944 57328
1 948 53928
1 949 82917
1 952 61835
1 957 40091
1 959 26567
1 960 52287
1 961 31557
1 964 24783
1 967 34315
1 969 56124
1 970 29100
1 972 46484
1 973 72764
1 976 49847
1 977 73813
1 983 51279
1 986 27949
1 988 42763
1 989 13338
1 990 88969
1 994 57991
1 999 58957
1 1000 51980
2 4 68710
2 7 44219
2 9 68712
2 15 72554
2 17 84060
2 18 34333
2 19 45508
2 21 32168
2 25 66983
2 26 77636
2 30 63614
2 35 50199
2 36 94123
2 37 7075
2 39 36948
2 43 49077
2 45 59192
2 46 35755
2 49 2449
2 50 58594
2 51 52875
2 53 96576
2 54 22613
2 58 6267
2 61 62724
2 66 24844
2 72 92903
2 74 99492
2 81 11075
2 91 9460
2 92 75481
2 94 68783
2 99 57112
2 101 91363
2 103 19598
2 106 69809
2 107 64365
2 112 9253
2 114 50231
2 116 46784
2 118 27644
2 120 82072
2 124 23952
2 139 73362
2 145 862
2 149 50015
2 152 27165
2 162 84353
2 165 63534
2 167 98394
2 182 38833
2 187 7968
2 188 91010
2 198 785
2 205 1761
2 208 11397
2 210 31146
2 211 91059
2 222 16967
2 224 69538
2 225 65426
2 226 91150
2 227 96626
2 228 86560
2 229 21328
2 231 5729
2 232 24533
2 234 42272
2 238 53446
2 239 14716
2 251 55565
2 254 31255
2 255 98972
2 256 70457
2 264 32290
2 265 63434
2 266 66516
2 270 87871
2 281 92220
2 289 69338
2 290 75599
2 291 27322
2 292 84757
2 294 91896
2 297 53983
2 300 48311
2 304 45974
2 309 99565
2 332 23233
2 337 66047
2 343 58843
2 344 49487
2 346 5831
2 350 32826
2 357 44731
2 358 22874
2 359 49209
2 362 22470
2 365 17440
2 366 42841
2 368 6979
2 372 49489
2 373 41964
2 380 88042
2 386 26016
2 390 41098
2 392 39858
2 395 37336
2 399 48088
2 401 24213
2 402 4880
2 403 48781
2 404 35848
2 407 60756
2 409 81070
2 418 46840
2 425 37167
2 437 21388
2 444 38260
2 447 41850
2 450 93145
2 451 8322
2 452 11182
2 455 90395
2 457 71075
2 459 41093
2 464 74536
2 470 7960
2 472 62763
2 475 72803
2 480 35355
2 484 29607
2 485 92563
2 487 30244
2 488 54061
2 490 20171
2 493 33669
2 495 17630
2 498 33192
2 504 94974
2 509 31514
2 513 31233
2 516 2456
2 518 91234
2 522 64868
2 523 90896
2 527 52617
2 528 62843
2 529 49611
2 532 27688
2 550 78284
2 557 6729
2 559 4205
2 565 20849
2 566 66993
2 568 43795
2 572 7067
2 574 1702
2 577 5257
2 578 38576
2 580 17584
2 584 7303
2 585 22789
2 586 31162
2 589 19752
2 590 705
2 591 82144
2 595 67777
2 598 33420
2 605 19634
2 609 54500
2 618 23413
2 621 46147
2 623 52640
2 625 30413
2 627 25768
2 629 61754
2 630 53901
2 642 68918
2 643 56206
2 645 91431
2 647 43723
2 651 90235
2 654 20588
2 667 40540
2 674 37193
2 675 8427
2 676 30335
2 683 63332
2 684 54352
2 688 94640
2 699 7769
2 706 69949
2 707 72305
2 708 66231
2 717 45652
2 718 13427
2 720 65329
2 724 74799
2 726 71485
2 728 40658
2 729 64833
2 731 31064
2 734 36091
2 737 80388
2 742 87893
2 755 1905
2 756 60081
2 757 21793
2 764 67803
2 767 75617
2 768 48501
2 773 16976
2 777 58061
2 778 40243
2 781 25148
2 785 28283
2 788 31769
2 792 52777
2 794 35480
2 795 38391
2 797 13173
2 801 71853
2 805 37657
2 807 13943
2 808 79410
2 817 91116
2 818 60100
2 819 34562
2 826 70259
2 827 1898
2 830 18168
2 831 46133
2 832 26043
2 840 10910
2 843 11098
2 848 90054
2 849 98079
2 853 86997
2 861 32990
2 866 3954
2 871 81894
2 879 36788
2 885 7307
2 888 8596
2 889 84066
2 894 52126
2 914 28788
2 918 40793
2 922 72162
2 931 38053
2 934 30250
2 935 53116
2 942 54989
2 943 59874
2 945 18630
2 947 18428
2 958 93816
2 962 8369
2 963 87696
2 965 6777
2 966 62828
2 971 62204
2 975 63518
2 978 13693
2 979 4046
2 985 51676
2 987 59821
2 991 92012
2 995 77720
2 996 47428
3 12 48377
3 20 5304
3 24 52874
3 28 17360
3 29 402
3 32 54116
3 52 97831
3 60 45430
3 64 52493
3 70 39982
3 75 54075
3 82 72704
3 93 27279
3 96 25339
3 98 43260
3 105 66041
3 110 43697
3 119 28773
3 133 91701
3 134 11848
3 137 9592
3 155 80725
3 157 6386
3 158 18684
3 163 47090
3 166 90847
3 172 41024
3 181 14964
3 194 10307
3 199 8925
3 202 58938
3 206 23161
3 209 37033
3 217 2526
3 218 83788
3 220 33173
3 223 65567
3 248 7199
3 250 44023
3 258 30716
3 272 82238
3 277 58078
3 286 32443
3 299 82599
3 305 87130
3 310 4778
3 316 59493
3 317 81864
3 320 76472
3 324 26462
3 329 22559
3 330 64511
3 348 52415
3 351 2801
3 352 12589
3 355 63702
3 356 42251
3 363 30677
3 378 16648
3 382 16056
3 384 70508
3 385 78428
3 387 5005
3 406 15103
3 412 67134
3 419 14059
3 420 72825
3 422 66911
3 424 54146
3 433 40127
3 441 56404
3 442 36087
3 448 22061
3 454 75769
3 462 60856
3 468 23517
3 496 73176
3 503 25356
3 515 96172
3 530 57829
3 540 32496
3 542 24798
3 543 80818
3 547 37947
3 553 94969
3 555 52797
3 562 68431
3 575 84741
3 615 8413
3 617 52605
3 626 20872
3 631 48687
3 632 25606
3 637 76372
3 639 11184
3 668 84698
3 672 89527
3 673 37950
3 679 29767
3 695 98144
3 697 94138
3 716 54801
3 722 18818
3 732 53060
3 733 54948
3 748 21302
3 751 36960
3 752 25623
3 754 51340
3 783 49099
3 786 12527
3 802 42031
3 824 60149
3 835 67556
3 842 1318
3 847 55335
3 856 27762
3 857 96054
3 868 97535
3 886 95047
3 906 27059
3 909 59492
3 925 50404
3 939 37987
3 946 13907
3 953 83892
3 980 66643
3 992 26089
3 993 12598
4 44 28953
4 48 7289
4 90 75227
4 111 80188
4 128 12871
4 129 84795
4 136 97864
4 143 30694
4 144 26144
4 161 96530
4 171 28026
4 183 7783
4 204 83497
4 230 53381
4 233 14803
4 273 53719
4 301 27446
4 303 88294
4 345 20395
4 398 687
4 405 72736
4 417 13210
4 427 34696
4 439 21174
4 460 85989
4 489 40386
4 539 29530
4 602 16224
4 653 1668
4 680 89946
4 700 23531
4 738 18084
4 739 31051
4 747 47681
4 753 82032
4 765 81720
4 789 67890
4 790 86462
4 806 71151
4 810 11323
4 828 11624
4 836 59624
4 844 40999
4 846 64325
4 850 21102
4 851 44335
4 898 34518
4 908 46663
4 913 49867
4 924 34356
4 940 58202
4 954 28069
4 956 35526
4 981 62929
4 984 88764
4 997 25012
5 6 82678
5 27 82315
5 41 85786
5 126 71573
5 164 38113
5 185 64050
5 191 75238
5 207 44235
5 235 65420
5 275 16646
5 376 49966
5 381 25180
5 400 85576
5 430 47407
5 458 16899
5 466 10965
5 481 14675
5 486 25760
5 506 46209
5 514 83951
5 554 44406
5 579 46842
5 600 98416
5 612 24470
5 613 13131
5 614 52463
5 693 79069
5 723 40262
5 740 72247
5 741 95509
5 760 29433
5 762 74759
5 763 16502
5 775 89132
5 900 52124
5 910 16835
5 936 7927
5 955 40156
5 982 59396
6 260 38797
6 293 26543
6 388 91003
6 478 9331
6 501 77908
6 659 5758
6 950 65627
6 951 15800
6 968 85988
6 974 75690
6 998 7355
7 180 27239
7 253 35438
7 703 17998
7 705 60089
8 638 58493
8 704 63225
9 147 37968
11 278 21816
